Rank	Avalanche_size	Count	Frequency
1	0.0	1847	0.369400
2	0.0004405286343612335	913	0.182600
3	0.000881057268722467	401	0.080200
4	0.0013215859030837004	336	0.067200
5	0.0022026431718061676	184	0.036800
6	0.001762114537444934	117	0.023400
7	0.0030837004405286344	103	0.020600
8	0.0026431718061674008	80	0.016000
9	0.003964757709251102	62	0.012400
10	0.003524229074889868	58	0.011600
11	0.004845814977973568	57	0.011400
12	0.0052863436123348016	38	0.007600
13	0.005726872246696035	37	0.007400
14	0.004405286343612335	34	0.006800
15	0.006607929515418502	25	0.005000
16	0.007488986784140969	23	0.004600
17	0.007929515418502203	21	0.004200
18	0.006167400881057269	19	0.003800
19	0.00881057268722467	18	0.003600
20	0.011013215859030838	18	0.003600
21	0.007048458149779736	18	0.003600
22	0.008370044052863436	17	0.003400
23	0.009251101321585903	15	0.003000
24	0.009691629955947136	15	0.003000
25	0.010572687224669603	14	0.002800
26	0.014537444933920705	13	0.002600
27	0.01277533039647577	12	0.002400
28	0.01629955947136564	11	0.002200
29	0.013215859030837005	10	0.002000
30	0.014096916299559472	9	0.001800
31	0.015418502202643172	8	0.001600
32	0.012334801762114538	8	0.001600
33	0.01013215859030837	8	0.001600
34	0.013656387665198238	8	0.001600
35	0.01145374449339207	7	0.001400
36	0.014977973568281937	7	0.001400
37	0.016740088105726872	7	0.001400
38	0.011894273127753305	7	0.001400
39	0.019823788546255508	7	0.001400
40	0.017180616740088105	6	0.001200
41	0.028634361233480177	6	0.001200
42	0.015859030837004406	6	0.001200
43	0.01762114537444934	5	0.001000
44	0.021145374449339206	5	0.001000
45	0.025110132158590308	5	0.001000
46	0.023348017621145373	5	0.001000
47	0.020704845814977973	5	0.001000
48	0.018061674008810574	5	0.001000
49	0.01894273127753304	5	0.001000
50	0.024669603524229075	4	0.000800
51	0.029515418502202642	4	0.000800
52	0.022466960352422908	4	0.000800
53	0.04185022026431718	4	0.000800
54	0.027753303964757708	4	0.000800
55	0.07312775330396476	4	0.000800
56	0.022026431718061675	4	0.000800
57	0.03171806167400881	4	0.000800
58	0.03480176211453744	4	0.000800
59	0.019383259911894272	4	0.000800
60	0.02158590308370044	4	0.000800
61	0.024229074889867842	4	0.000800
62	0.02026431718061674	4	0.000800
63	0.03612334801762115	3	0.000600
64	0.03127753303964758	3	0.000600
65	0.026872246696035242	3	0.000600
66	0.04449339207048458	3	0.000600
67	0.055947136563876655	3	0.000600
68	0.05814977973568282	3	0.000600
69	0.03832599118942731	3	0.000600
70	0.02378854625550661	3	0.000600
71	0.035682819383259914	3	0.000600
72	0.028193832599118944	3	0.000600
73	0.07180616740088105	3	0.000600
74	0.09515418502202644	3	0.000600
75	0.033480176211453744	3	0.000600
76	0.038766519823788544	3	0.000600
77	0.03259911894273128	3	0.000600
78	0.02555066079295154	3	0.000600
79	0.042731277533039645	2	0.000400
80	0.03700440528634361	2	0.000400
81	0.040969162995594714	2	0.000400
82	0.0828193832599119	2	0.000400
83	0.018502202643171806	2	0.000400
84	0.07885462555066079	2	0.000400
85	0.05462555066079295	2	0.000400
86	0.04933920704845815	2	0.000400
87	0.05286343612334802	2	0.000400
88	0.04317180616740088	2	0.000400
89	0.059030837004405284	2	0.000400
90	0.051982378854625554	2	0.000400
91	0.06784140969162995	2	0.000400
92	0.10616740088105726	2	0.000400
93	0.07400881057268723	2	0.000400
94	0.10704845814977973	2	0.000400
95	0.07092511013215859	2	0.000400
96	0.044933920704845816	2	0.000400
97	0.160352422907489	2	0.000400
98	0.033920704845814977	2	0.000400
99	0.10881057268722467	2	0.000400
100	0.13259911894273127	2	0.000400
101	0.07268722466960352	2	0.000400
102	0.03524229074889868	2	0.000400
103	0.03303964757709251	2	0.000400
104	0.02907488986784141	2	0.000400
105	0.039207048458149776	2	0.000400
106	0.037444933920704845	2	0.000400
107	0.030837004405286344	2	0.000400
108	0.032158590308370046	2	0.000400
109	0.2687224669603524	2	0.000400
110	0.03039647577092511	2	0.000400
111	0.04757709251101322	2	0.000400
112	0.4277533039647577	2	0.000400
113	0.046255506607929514	2	0.000400
114	0.25594713656387663	2	0.000400
115	0.2013215859030837	2	0.000400
116	0.02643171806167401	2	0.000400
117	0.06475770925110132	2	0.000400
118	0.06828193832599119	2	0.000400
119	0.050220264317180616	2	0.000400
120	0.5506607929515418	2	0.000400
121	0.15198237885462554	2	0.000400
122	0.03788546255506608	2	0.000400
123	0.02290748898678414	2	0.000400
124	0.17224669603524229	2	0.000400
125	0.07753303964757709	1	0.000200
126	0.027312775330396475	1	0.000200
127	0.12731277533039648	1	0.000200
128	0.1013215859030837	1	0.000200
129	0.06563876651982378	1	0.000200
130	0.06211453744493392	1	0.000200
131	0.1092511013215859	1	0.000200
132	0.1290748898678414	1	0.000200
133	0.039647577092511016	1	0.000200
134	0.11365638766519824	1	0.000200
135	0.06916299559471366	1	0.000200
136	0.17929515418502204	1	0.000200
137	0.04581497797356828	1	0.000200
138	0.07048458149779736	1	0.000200
139	0.11277533039647578	1	0.000200
140	0.09427312775330396	1	0.000200
141	0.0801762114537445	1	0.000200
142	0.048458149779735685	1	0.000200
143	0.15859030837004406	1	0.000200
144	0.3251101321585903	1	0.000200
145	0.08149779735682819	1	0.000200
146	0.11850220264317181	1	0.000200
147	0.0907488986784141	1	0.000200
148	0.15330396475770924	1	0.000200
149	0.12422907488986784	1	0.000200
150	0.12334801762114538	1	0.000200
151	0.1	1	0.000200
152	0.13832599118942732	1	0.000200
153	0.22026431718061673	1	0.000200
154	0.05991189427312775	1	0.000200
155	0.0841409691629956	1	0.000200
156	0.08105726872246696	1	0.000200
157	0.1986784140969163	1	0.000200
158	0.08766519823788546	1	0.000200
159	0.21145374449339208	1	0.000200
160	0.273568281938326	1	0.000200
161	0.11497797356828193	1	0.000200
162	0.16387665198237886	1	0.000200
163	0.2497797356828194	1	0.000200
164	0.14889867841409693	1	0.000200
165	0.05110132158590308	1	0.000200
166	0.22819383259911893	1	0.000200
167	0.2629955947136564	1	0.000200
168	0.1145374449339207	1	0.000200
169	0.12202643171806167	1	0.000200
170	0.113215859030837	1	0.000200
171	0.31013215859030835	1	0.000200
172	0.6233480176211453	1	0.000200
173	0.2409691629955947	1	0.000200
174	0.23524229074889869	1	0.000200
175	0.18766519823788547	1	0.000200
176	0.19955947136563876	1	0.000200
177	0.052422907488986786	1	0.000200
178	0.34889867841409694	1	0.000200
179	0.21629955947136564	1	0.000200
180	0.06519823788546256	1	0.000200
181	0.05638766519823789	1	0.000200
182	0.30616740088105726	1	0.000200
183	0.1378854625550661	1	0.000200
184	0.22246696035242292	1	0.000200
185	0.14713656387665197	1	0.000200
186	0.14273127753303966	1	0.000200
187	0.38061674008810575	1	0.000200
188	0.08370044052863436	1	0.000200
189	0.16299559471365638	1	0.000200
190	0.19779735682819383	1	0.000200
191	0.09030837004405286	1	0.000200
192	0.11674008810572688	1	0.000200
193	0.33303964757709253	1	0.000200
194	0.06872246696035242	1	0.000200
195	0.17753303964757708	1	0.000200
196	0.3726872246696035	1	0.000200
197	0.26123348017621145	1	0.000200
198	0.6136563876651983	1	0.000200
199	0.1422907488986784	1	0.000200
200	0.0762114537444934	1	0.000200
201	0.24008810572687225	1	0.000200
202	0.12863436123348018	1	0.000200
203	0.3013215859030837	1	0.000200
204	0.06167400881057269	1	0.000200
205	0.06607929515418502	1	0.000200
206	0.31938325991189426	1	0.000200
207	0.12070484581497798	1	0.000200
208	0.12158590308370044	1	0.000200
209	0.40881057268722465	1	0.000200
210	0.37533039647577093	1	0.000200
211	0.09251101321585903	1	0.000200
212	0.24625550660792953	1	0.000200
213	0.4779735682819383	1	0.000200
214	0.47841409691629955	1	0.000200
215	0.27841409691629954	1	0.000200
216	0.27665198237885463	1	0.000200
217	0.08325991189427313	1	0.000200
218	0.2286343612334802	1	0.000200
219	0.11189427312775331	1	0.000200
220	0.6828193832599119	1	0.000200
221	0.06387665198237885	1	0.000200
222	0.28105726872246695	1	0.000200
223	0.1524229074889868	1	0.000200
224	0.42070484581497797	1	0.000200
225	0.11145374449339207	1	0.000200
226	0.23788546255506607	1	0.000200
227	0.05066079295154185	1	0.000200
228	0.3092511013215859	1	0.000200
229	0.10837004405286343	1	0.000200
230	0.47709251101321587	1	0.000200
231	0.20881057268722467	1	0.000200
232	0.05947136563876652	1	0.000200
233	0.5079295154185022	1	0.000200
234	0.7427312775330397	1	0.000200
235	0.04361233480176212	1	0.000200
236	0.17180616740088106	1	0.000200
237	0.24581497797356827	1	0.000200
238	0.12466960352422908	1	0.000200
239	0.14625550660792952	1	0.000200
240	0.9096916299559471	1	0.000200
241	0.2955947136563877	1	0.000200
242	0.1801762114537445	1	0.000200
243	0.22290748898678414	1	0.000200
244	0.16784140969162994	1	0.000200
245	0.4237885462555066	1	0.000200
246	0.06079295154185022	1	0.000200
247	0.04669603524229075	1	0.000200
248	1.0	1	0.000200
249	0.053744493392070485	1	0.000200
250	0.48546255506607927	1	0.000200
251	0.4929515418502203	1	0.000200
252	0.08898678414096917	1	0.000200
253	0.06960352422907488	1	0.000200
254	0.04052863436123348	1	0.000200
255	0.7977973568281939	1	0.000200
256	0.06740088105726873	1	0.000200
257	0.06343612334801763	1	0.000200
258	0.05418502202643172	1	0.000200
259	0.0881057268722467	1	0.000200
260	0.41541850220264315	1	0.000200
261	0.4550660792951542	1	0.000200
262	0.5013215859030837	1	0.000200
263	0.05726872246696035	1	0.000200
264	0.9440528634361234	1	0.000200
265	0.11101321585903083	1	0.000200
266	0.057709251101321586	1	0.000200
267	0.23348017621145375	1	0.000200
268	0.06035242290748899	1	0.000200
269	0.21674008810572687	1	0.000200
270	0.05506607929515418	1	0.000200
271	0.14933920704845816	1	0.000200
272	0.18193832599118942	1	0.000200
273	0.07973568281938326	1	0.000200
274	0.025991189427312777	1	0.000200
275	0.13876651982378854	1	0.000200
276	0.5607929515418503	1	0.000200
277	0.15462555066079295	1	0.000200
278	0.8026431718061674	1	0.000200
279	0.13127753303964756	1	0.000200
280	0.40484581497797356	1	0.000200
281	0.11585903083700441	1	0.000200
282	0.3004405286343612	1	0.000200
283	0.07929515418502203	1	0.000200
284	0.11013215859030837	1	0.000200
285	0.12599118942731277	1	0.000200
286	0.9577092511013215	1	0.000200
287	0.5845814977973568	1	0.000200
