Rank	Avalanche_size	Count	Frequency
1	0.0	1837	0.367400
2	0.0001286008230452675	953	0.190600
3	0.000257201646090535	390	0.078000
4	0.00038580246913580245	292	0.058400
5	0.0006430041152263374	168	0.033600
6	0.00051440329218107	135	0.027000
7	0.0009002057613168725	102	0.020400
8	0.0011574074074074073	81	0.016200
9	0.0007716049382716049	75	0.015000
10	0.00102880658436214	65	0.013000
11	0.0014146090534979425	56	0.011200
12	0.001286008230452675	39	0.007800
13	0.0015432098765432098	37	0.007400
14	0.0016718106995884773	32	0.006400
15	0.0019290123456790122	29	0.005800
16	0.0021862139917695473	24	0.004800
17	0.001800411522633745	23	0.004600
18	0.002700617283950617	20	0.004000
19	0.002829218106995885	18	0.003600
20	0.0030864197530864196	16	0.003200
21	0.0024434156378600825	15	0.003000
22	0.00205761316872428	15	0.003000
23	0.0023148148148148147	13	0.002600
24	0.003472222222222222	13	0.002600
25	0.0038580246913580245	11	0.002200
26	0.0029578189300411522	11	0.002200
27	0.00257201646090535	11	0.002200
28	0.0032150205761316874	10	0.002000
29	0.005015432098765432	10	0.002000
30	0.005401234567901234	10	0.002000
31	0.003986625514403292	10	0.002000
32	0.004372427983539095	9	0.001800
33	0.00360082304526749	9	0.001800
34	0.009259259259259259	9	0.001800
35	0.0033436213991769547	9	0.001800
36	0.003729423868312757	8	0.001600
37	0.007073045267489712	7	0.001400
38	0.004243827160493827	7	0.001400
39	0.006430041152263375	7	0.001400
40	0.004758230452674897	7	0.001400
41	0.006172839506172839	6	0.001200
42	0.006558641975308642	6	0.001200
43	0.0051440329218107	6	0.001200
44	0.005529835390946502	6	0.001200
45	0.0045010288065843625	6	0.001200
46	0.004886831275720165	6	0.001200
47	0.004629629629629629	5	0.001000
48	0.0059156378600823045	5	0.001000
49	0.006044238683127572	5	0.001000
50	0.011188271604938271	5	0.001000
51	0.005272633744855967	5	0.001000
52	0.0102880658436214	4	0.000800
53	0.016203703703703703	4	0.000800
54	0.022247942386831275	4	0.000800
55	0.006944444444444444	4	0.000800
56	0.010545267489711935	4	0.000800
57	0.007716049382716049	4	0.000800
58	0.012474279835390947	4	0.000800
59	0.040123456790123455	4	0.000800
60	0.00565843621399177	4	0.000800
61	0.009002057613168725	4	0.000800
62	0.007458847736625514	4	0.000800
63	0.005787037037037037	4	0.000800
64	0.010673868312757202	3	0.000600
65	0.007587448559670782	3	0.000600
66	0.00720164609053498	3	0.000600
67	0.01594650205761317	3	0.000600
68	0.010802469135802469	3	0.000600
69	0.018261316872427984	3	0.000600
70	0.014917695473251029	3	0.000600
71	0.00874485596707819	3	0.000600
72	0.006815843621399177	3	0.000600
73	0.007973251028806584	3	0.000600
74	0.028034979423868314	3	0.000600
75	0.0073302469135802465	3	0.000600
76	0.012345679012345678	3	0.000600
77	0.017361111111111112	3	0.000600
78	0.011959876543209876	3	0.000600
79	0.010159465020576132	3	0.000600
80	0.00411522633744856	3	0.000600
81	0.008359053497942387	2	0.000400
82	0.025591563786008232	2	0.000400
83	0.013888888888888888	2	0.000400
84	0.01890432098765432	2	0.000400
85	0.007844650205761318	2	0.000400
86	0.008101851851851851	2	0.000400
87	0.02764917695473251	2	0.000400
88	0.011831275720164609	2	0.000400
89	0.006687242798353909	2	0.000400
90	0.015432098765432098	2	0.000400
91	0.014146090534979424	2	0.000400
92	0.020318930041152265	2	0.000400
93	0.048739711934156375	2	0.000400
94	0.011059670781893004	2	0.000400
95	0.014789094650205762	2	0.000400
96	0.01633230452674897	2	0.000400
97	0.016075102880658436	2	0.000400
98	0.02301954732510288	2	0.000400
99	0.019290123456790122	2	0.000400
100	0.05079732510288066	2	0.000400
101	0.022376543209876542	2	0.000400
102	0.02854938271604938	2	0.000400
103	0.07214506172839506	2	0.000400
104	0.01684670781893004	2	0.000400
105	0.05414094650205761	2	0.000400
106	0.008616255144032922	2	0.000400
107	0.012217078189300411	2	0.000400
108	0.01131687242798354	2	0.000400
109	0.020833333333333332	2	0.000400
110	0.024948559670781894	2	0.000400
111	0.013245884773662552	2	0.000400
112	0.012602880658436214	2	0.000400
113	0.009902263374485597	2	0.000400
114	0.021862139917695474	2	0.000400
115	0.01646090534979424	2	0.000400
116	0.011574074074074073	2	0.000400
117	0.01941872427983539	1	0.000200
118	0.018518518518518517	1	0.000200
119	0.014017489711934157	1	0.000200
120	0.02044753086419753	1	0.000200
121	0.021219135802469136	1	0.000200
122	0.021604938271604937	1	0.000200
123	0.019804526748971193	1	0.000200
124	0.03073559670781893	1	0.000200
125	0.026877572016460904	1	0.000200
126	0.016975308641975308	1	0.000200
127	0.02713477366255144	1	0.000200
128	0.05954218106995885	1	0.000200
129	0.015560699588477367	1	0.000200
130	0.04603909465020576	1	0.000200
131	0.010030864197530864	1	0.000200
132	0.0466820987654321	1	0.000200
133	0.024819958847736627	1	0.000200
134	0.0688014403292181	1	0.000200
135	0.05452674897119342	1	0.000200
136	0.015303497942386831	1	0.000200
137	0.009645061728395061	1	0.000200
138	0.03330761316872428	1	0.000200
139	0.04513888888888889	1	0.000200
140	0.053626543209876545	1	0.000200
141	0.017232510288065845	1	0.000200
142	0.034079218106995886	1	0.000200
143	0.06532921810699588	1	0.000200
144	0.018132716049382717	1	0.000200
145	0.04449588477366255	1	0.000200
146	0.04359567901234568	1	0.000200
147	0.01286008230452675	1	0.000200
148	0.07587448559670781	1	0.000200
149	0.03819444444444445	1	0.000200
150	0.03356481481481482	1	0.000200
151	0.04758230452674897	1	0.000200
152	0.04243827160493827	1	0.000200
153	0.03999485596707819	1	0.000200
154	0.05234053497942387	1	0.000200
155	0.03189300411522634	1	0.000200
156	0.05915637860082305	1	0.000200
157	0.04526748971193416	1	0.000200
158	0.06802983539094651	1	0.000200
159	0.03510802469135803	1	0.000200
160	0.016718106995884774	1	0.000200
161	0.06828703703703703	1	0.000200
162	0.06031378600823045	1	0.000200
163	0.07883230452674897	1	0.000200
164	0.08024691358024691	1	0.000200
165	0.03176440329218107	1	0.000200
166	0.08256172839506173	1	0.000200
167	0.013760288065843621	1	0.000200
168	0.12319958847736626	1	0.000200
169	0.09349279835390946	1	0.000200
170	0.013374485596707819	1	0.000200
171	0.04205246913580247	1	0.000200
172	0.03343621399176955	1	0.000200
173	0.08693415637860083	1	0.000200
174	0.043209876543209874	1	0.000200
175	0.12371399176954732	1	0.000200
176	0.02880658436213992	1	0.000200
177	0.05285493827160494	1	0.000200
178	0.02816358024691358	1	0.000200
179	0.05401234567901234	1	0.000200
180	0.0367798353909465	1	0.000200
181	0.03973765432098766	1	0.000200
182	0.05311213991769547	1	0.000200
183	0.06700102880658436	1	0.000200
184	0.09156378600823045	1	0.000200
185	0.04308127572016461	1	0.000200
186	0.19161522633744857	1	0.000200
187	0.025205761316872428	1	0.000200
188	0.029063786008230452	1	0.000200
189	0.03845164609053498	1	0.000200
190	0.0411522633744856	1	0.000200
191	0.07085905349794239	1	0.000200
192	0.08127572016460906	1	0.000200
193	0.008873456790123456	1	0.000200
194	0.08088991769547325	1	0.000200
195	0.017618312757201646	1	0.000200
196	0.03137860082304527	1	0.000200
197	0.1147119341563786	1	0.000200
198	0.11201131687242798	1	0.000200
199	0.07265946502057613	1	0.000200
200	0.07137345679012345	1	0.000200
201	0.02109053497942387	1	0.000200
202	0.04050925925925926	1	0.000200
203	0.1507201646090535	1	0.000200
204	0.05324074074074074	1	0.000200
205	0.03742283950617284	1	0.000200
206	0.07677469135802469	1	0.000200
207	0.08449074074074074	1	0.000200
208	0.01440329218106996	1	0.000200
209	0.015689300411522635	1	0.000200
210	0.16743827160493827	1	0.000200
211	0.041795267489711935	1	0.000200
212	0.028935185185185185	1	0.000200
213	0.033179012345679014	1	0.000200
214	0.21231995884773663	1	0.000200
215	0.03459362139917695	1	0.000200
216	0.050411522633744855	1	0.000200
217	0.10789609053497942	1	0.000200
218	0.031507201646090534	1	0.000200
219	0.15959362139917696	1	0.000200
220	0.0889917695473251	1	0.000200
221	0.16010802469135801	1	0.000200
222	0.029320987654320986	1	0.000200
223	0.013631687242798354	1	0.000200
224	0.03536522633744856	1	0.000200
225	0.0933641975308642	1	0.000200
226	0.12512860082304528	1	0.000200
227	0.37294238683127573	1	0.000200
228	0.024305555555555556	1	0.000200
229	0.3593106995884774	1	0.000200
230	0.08101851851851852	1	0.000200
231	0.049511316872427984	1	0.000200
232	0.010931069958847737	1	0.000200
233	0.7325102880658436	1	0.000200
234	0.04385288065843621	1	0.000200
235	0.2337962962962963	1	0.000200
236	0.027906378600823047	1	0.000200
237	0.020961934156378603	1	0.000200
238	0.05992798353909465	1	0.000200
239	0.05491255144032922	1	0.000200
240	0.7920524691358025	1	0.000200
241	0.024434156378600823	1	0.000200
242	0.03690843621399177	1	0.000200
243	0.008487654320987654	1	0.000200
244	0.033950617283950615	1	0.000200
245	0.19984567901234568	1	0.000200
246	0.2856224279835391	1	0.000200
247	0.029449588477366256	1	0.000200
248	0.08359053497942387	1	0.000200
249	0.03575102880658436	1	0.000200
250	0.02726337448559671	1	0.000200
251	0.032407407407407406	1	0.000200
252	0.009516460905349794	1	0.000200
253	0.22479423868312756	1	0.000200
254	0.5861625514403292	1	0.000200
255	0.0522119341563786	1	0.000200
256	0.08616255144032922	1	0.000200
257	0.059027777777777776	1	0.000200
258	0.12667181069958847	1	0.000200
259	0.03382201646090535	1	0.000200
260	0.5811471193415638	1	0.000200
261	0.08950617283950617	1	0.000200
262	0.017746913580246913	1	0.000200
263	0.38837448559670784	1	0.000200
264	0.2088477366255144	1	0.000200
265	0.5960648148148148	1	0.000200
266	0.05478395061728395	1	0.000200
267	0.045781893004115226	1	0.000200
268	0.021733539094650207	1	0.000200
269	0.1337448559670782	1	0.000200
270	0.044110082304526746	1	0.000200
271	0.061342592592592594	1	0.000200
272	0.030349794238683128	1	0.000200
273	0.011702674897119342	1	0.000200
274	0.047453703703703706	1	0.000200
275	0.00977366255144033	1	0.000200
276	0.01838991769547325	1	0.000200
277	0.01273148148148148	1	0.000200
278	0.00823045267489712	1	0.000200
279	1.0	1	0.000200
280	0.0691872427983539	1	0.000200
281	0.24459876543209877	1	0.000200
282	0.1743827160493827	1	0.000200
283	0.10622427983539094	1	0.000200
284	0.006301440329218107	1	0.000200
285	0.022890946502057613	1	0.000200
286	0.5344650205761317	1	0.000200
287	0.022762345679012346	1	0.000200
288	0.30915637860082307	1	0.000200
289	0.047839506172839504	1	0.000200
290	0.2970679012345679	1	0.000200
291	0.02353395061728395	1	0.000200
